      0/49     6.38G    0.1149   0.05563   0.03674    0.2073       201       640  0.000547   0.02216 4.042e-05 5.861e-06    0.1002   0.04143   0.03341
      1/49     7.31G    0.1036   0.06458   0.02889     0.197       233       640   0.01311   0.03047  0.004131 0.0007125   0.08559   0.04333   0.02746
      2/49     7.31G   0.08901   0.06304   0.02316    0.1752       216       640     0.779   0.09418    0.0872   0.02326   0.07248   0.03836   0.02488
      3/49     7.31G   0.07649   0.05506   0.02077    0.1523       277       640    0.8013    0.1689    0.1408   0.03464   0.06649   0.03289    0.0246
      4/49     7.31G   0.06882    0.0483    0.0203    0.1374       285       640    0.8249    0.1662    0.1513   0.03696    0.0619   0.02727   0.02405
      5/49     7.31G   0.06487   0.04131   0.01869    0.1249       196       640    0.8504    0.1967    0.1981    0.0664   0.05373    0.0246   0.02355
      6/49     7.31G   0.06231   0.04145   0.01915    0.1229       240       640    0.8253    0.2122    0.2004   0.06708   0.04991   0.02301   0.02287
      7/49     7.31G   0.05912    0.0423    0.0184    0.1198       276       640     0.582    0.3632    0.3319    0.1484   0.04612   0.02199   0.02186
      8/49     7.31G   0.05613   0.03769   0.01634    0.1102       258       640    0.6456    0.3693    0.3583    0.1442   0.04614   0.02116   0.02049
      9/49     7.31G   0.05375    0.0357   0.01634    0.1058       241       640    0.5802    0.5066    0.3883    0.1402   0.04499   0.02033   0.01814
     10/49     7.31G   0.05281   0.03625    0.0148    0.1039       401       640    0.6252    0.5046    0.4262    0.1506   0.04706   0.01958   0.01551
     11/49     7.31G   0.05229   0.03498    0.0119   0.09917       197       640    0.8284    0.4908    0.5361    0.2575   0.03994   0.01927     0.012
     12/49     7.31G   0.04959   0.03403   0.01059   0.09421       271       640     0.762    0.5274     0.524     0.228   0.04061   0.01859   0.01052
     13/49     7.31G   0.04815     0.036  0.009122   0.09327       334       640    0.7346    0.4876    0.4873    0.2115   0.04018   0.01809   0.01023
     14/49     7.31G   0.04549   0.03475  0.009373   0.08961       186       640    0.8453    0.5539    0.5732    0.2845    0.0388   0.01778  0.008408
     15/49     7.31G   0.04532   0.03361  0.008929   0.08785       291       640    0.9528    0.4995     0.583    0.3023   0.03959   0.01779  0.008854
     16/49     7.31G   0.04474   0.03446  0.009008   0.08821       337       640    0.8899    0.5698    0.5849    0.2936   0.03362   0.01707  0.007255
     17/49     7.31G   0.04294   0.03311  0.007895   0.08395       200       640    0.8229     0.538    0.5617    0.2937   0.03464   0.01734  0.007793
     18/49     7.31G   0.04123   0.03072   0.00828   0.08024       282       640    0.9383    0.5357    0.6082    0.3511   0.03124   0.01652  0.007583
     19/49     7.31G   0.04074    0.0326  0.007774   0.08111       330       640     0.924    0.5659    0.6054    0.3165   0.03282   0.01659  0.006647
     20/49     7.31G   0.04205   0.03242  0.007709   0.08218       282       640     0.766    0.4939    0.5021    0.2399   0.04091   0.01918  0.007491
     21/49     7.31G   0.04863   0.03345  0.007593   0.08967       221       640    0.9247    0.5399    0.5971    0.2672   0.03927   0.01715  0.006754
     22/49     7.31G   0.04915   0.03245  0.007541   0.08915       197       640    0.9291    0.5467    0.6022    0.3248   0.03545   0.01707  0.006789
     23/49     7.31G   0.04578   0.03078  0.007222   0.08379       220       640    0.9122    0.5128    0.5861    0.3108   0.03282   0.01718  0.006428
     24/49     7.31G   0.04358   0.03019  0.007042   0.08081       198       640    0.8635    0.5783    0.5981    0.3187    0.0327    0.0169  0.006549
     25/49     7.31G   0.04152   0.03136  0.007592   0.08048       242       640    0.9112    0.5524    0.5984    0.3251   0.03337   0.01694  0.006768
     26/49     7.31G   0.03999   0.02987  0.007229   0.07709       337       640    0.9357    0.5312    0.6053    0.3542   0.03472   0.01732   0.00801
     27/49     7.31G   0.04012   0.03034  0.006415   0.07688       309       640    0.8742    0.5325    0.5927    0.3258   0.03217    0.0162   0.00585
     28/49     7.31G   0.04076   0.02908  0.006589   0.07643       272       640    0.9111    0.5626    0.6039    0.3504   0.03297   0.01663  0.005799
     29/49     7.31G   0.03904   0.03057  0.006823   0.07643       177       640    0.9368    0.5705    0.6229    0.3575   0.03056   0.01599  0.005794
     30/49     7.31G   0.03702   0.02916  0.006793   0.07297       239       640     0.941    0.5784     0.627    0.3654   0.02928   0.01601  0.005589
     31/49     7.31G   0.03843   0.03069  0.006107   0.07523       271       640    0.9316    0.5629     0.613    0.3681   0.02816    0.0166  0.005864
     32/49     7.31G    0.0362   0.02937  0.005999   0.07156       208       640    0.9179    0.5571    0.6049     0.358   0.03158   0.01667   0.00595
     33/49     7.31G   0.03532   0.02975  0.006242   0.07131       279       640    0.9378    0.5728    0.6177    0.3702   0.02841   0.01621  0.005496
     34/49     7.31G   0.03347   0.02887  0.005839   0.06819       264       640    0.9396    0.5707    0.6297    0.3867   0.02813   0.01588  0.005335
     35/49     7.31G   0.03247   0.03026  0.005381   0.06812       277       640    0.9447    0.5575    0.6066    0.3579   0.02924   0.01696  0.005555
     36/49     7.31G   0.03237   0.02977  0.005841   0.06798       237       640    0.9475    0.5727    0.6335    0.3891    0.0262   0.01559  0.005462
     37/49     7.31G   0.03001   0.02702  0.005119   0.06215       191       640    0.9332    0.5688    0.6249    0.3879   0.03012    0.0167  0.005436
     38/49     7.31G   0.03028   0.02837  0.005232   0.06388       362       640    0.9195    0.5749    0.6152    0.3747   0.03067   0.01668  0.006318
     39/49     7.31G   0.02996   0.02794  0.005331   0.06323       248       640    0.9387    0.5864    0.6371    0.3953   0.02509   0.01551  0.005804
     40/49     7.31G   0.02862   0.02801  0.004926   0.06155       228       640    0.9083    0.5623    0.6124    0.3708   0.03153   0.01714  0.007291
     41/49     7.31G   0.02864   0.02729  0.004871    0.0608       231       640    0.9519    0.5655    0.6437    0.4085   0.02556    0.0158  0.004951
     42/49     7.31G   0.02794   0.02723  0.004696   0.05987       212       640    0.9574    0.5693    0.6371    0.4015   0.02719   0.01648  0.006092
     43/49     7.31G   0.02682   0.02811  0.004447   0.05937       340       640    0.7556    0.6187    0.6491    0.4144    0.0254    0.0157  0.005236
     44/49     7.31G   0.02782   0.02777  0.004373   0.05996       336       640    0.7073    0.6518    0.6587    0.4208   0.02708   0.01623  0.004794
     45/49     7.31G   0.02716   0.02639  0.004448     0.058       230       640    0.9606    0.5759    0.6465    0.4115   0.02609   0.01596  0.005377
     46/49     7.31G   0.02667   0.02623  0.004332   0.05723       303       640    0.6737    0.6797    0.6716    0.4294   0.02522   0.01563  0.004467
     47/49     7.31G   0.02513   0.02524  0.003688   0.05406       232       640    0.6407    0.6724    0.6673    0.4269    0.0248   0.01588  0.005099
     48/49     7.31G   0.02597   0.02594  0.003995   0.05591       251       640    0.6392    0.6751     0.678    0.4346   0.02491   0.01564  0.004947
     49/49     7.31G   0.02496   0.02459   0.00393   0.05348       252       640     0.739    0.6208    0.6539    0.4266    0.0245    0.0159  0.005124
